-2.1645 0.1295
-0.3539 -0.2301
-1.0555 -3.4905
1.3057 -2.2776
-0.6157 0.6515
-1.1163 -1.4411
-0.4261 -1.7197
-2.1847 -4.0237
-1.5559 -1.1127
0.5523 -0.4498
-0.0253 -1.5637
0.4067 -0.1687
-1.7246 -1.1839
-3.0816 -2.3575
-0.8618 -2.2941
-1.5484 0.2069
-2.1515 -1.4388
-2.6181 -0.4004
-0.6207 -3.1399
-2.3560 -1.9796
-4.5433 -2.8533
-2.2642 -0.6252
-1.5798 -2.6923
-1.6183 -0.3899
-1.4613 -2.9150
2.3830 -0.9978
0.5580 1.9978
0.2242 -1.4383
-3.8102 -3.1805
-1.8729 -1.1174
0.9307 1.6372
-0.2493 -2.8347
-1.5406 1.4360
-1.2719 -1.3786
-2.5067 -0.8807
-1.9658 -0.7670
0.0922 0.8626
-1.3205 1.7139
0.9143 -2.3366
0.7419 -0.7031
-2.4249 0.2561
-0.1375 -0.5764
-1.1708 -2.6164
1.6490 0.2850
0.7838 -0.6988
-1.7994 0.1587
-2.9903 -0.7385
-2.1851 -1.2626
-0.4839 -0.1576
-1.7310 -1.6634
