3.0881 0.4235
1.3319 0.8426
3.2439 3.0684
0.6134 2.1833
0.5107 2.4224
3.9495 0.8673
0.3422 -0.1796
2.6979 1.9977
2.3332 1.0143
0.1953 0.5788
0.5420 0.2153
1.3164 0.9540
2.6491 0.6950
2.2829 0.0655
3.6540 1.5059
1.2679 0.8044
0.6425 0.7051
0.8670 2.8813
1.9556 1.3101
0.0671 -0.7787
3.5244 1.1221
1.1290 -0.0862
2.0503 0.1902
2.3832 -1.5905
1.8155 1.5247
1.9134 0.8956
-1.6560 0.1208
4.6252 2.4984
0.3209 1.8928
1.8698 -1.7218
0.9086 -1.1852
2.7232 2.4624
3.1195 3.8034
1.3980 0.6537
1.6626 1.5694
1.0962 1.0785
0.0500 1.3560
-0.3537 1.6234
2.0578 2.1208
2.4013 1.9480
2.3783 1.2841
0.8306 3.0095
-0.9593 -0.0581
0.3242 2.0185
-0.3777 1.2459
1.9146 0.8904
2.1275 2.0797
4.2231 -0.4259
0.6440 2.4998
1.1156 0.9871
